MinBandwidth=128000000;
MaxBandwidth=1073741824;
MaxMsgSend=92;
MaxSizeGuaranteed=128;
MaxSizeNonguaranteed=64;
MinErrorToSendNear=0.0019999994;
MinErrorToSend=0.0019999994;
MaxCustomFileSize=0;
Windowed=0;
adapter=-1;
3D_Performance=1;
Resolution_Bpp=32;
serverLongitude=2147483647;
serverLatitude=2147483647;
serverLongitudeAuto=2147483647;
serverLatitudeAuto=2147483647;
